0 0
0,4 0,389418342308651
0,8 0,717356090899523
1,2 0,932039085967226
1,6 0,999573603041505
2 0,909297426825682
2,4 0,675463180551151
2,8 0,334988150155905
3,2 -0,0583741434275801
3,6 -0,442520443294852
4 -0,756802495307928
4,4 -0,951602073889516
4,8 -0,996164608835841
5,2 -0,883454655720153
5,6 -0,631266637872322
6 -0,279415498198926
6,4 0,116549204850494
System.Double[]


0 0
0,00390625 0,000110688133232854
0,0078125 0,000439851140186127
0,01171875 0,00098313693174188
0,015625 0,00173619341878218
0,01953125 0,00269466851218908
0,0234375 0,00385421012284466
0,02734375 0,00521046616163097
0,03125 0,00675908453943008
0,03515625 0,00849571316712406
0,0390625 0,010415999955595
0,04296875 0,0125155928157248
0,046875 0,0147901396583958
0,05078125 0,0172352883944898
0,0546875 0,0198466869348891
0,05859375 0,0226199831904755
0,0625 0,0255508250721313
0,06640625 0,0286348604907384
0,0703125 0,031867737357179
0,07421875 0,0352451035823351
0,078125 0,0387626070770887
0,08203125 0,042415895752322
0,0859375 0,0462006175189169
0,08984375 0,0501124202877556
0,09375 0,0541469519697201
0,09765625 0,0582998604756925
0,1015625 0,0625667937165548
0,10546875 0,0669433996031891
0,109375 0,0714253260464775
0,11328125 0,076008220957302
0,1171875 0,0806877322465447
0,12109375 0,0854595078250877
0,125 0,090319195603813
0,12890625 0,0952624434936027
0,1328125 0,100284899405339
0,13671875 0,105382211249903
0,140625 0,110550026938179
0,14453125 0,115783994381046
0,1484375 0,121079761489389
0,15234375 0,126432976174088
0,15625 0,131839286346026
0,16015625 0,137294339916085
0,1640625 0,142793784795147
0,16796875 0,148333268894094
0,171875 0,153908440123808
0,17578125 0,159514946395172
0,1796875 0,165148435619066
0,18359375 0,170804555706374
0,1875 0,176478954567977
0,19140625 0,182167280114757
0,1953125 0,187865180257597
0,19921875 0,193568302907378
0,203125 0,199272295974983
0,20703125 0,204972807371294
0,2109375 0,210665485007192
0,21484375 0,21634597679356
0,21875 0,22200993064128
0,22265625 0,227652994461234
0,2265625 0,233270816164304
0,23046875 0,238859043661372
0,234375 0,24441332486332
0,23828125 0,24992930768103
0,2421875 0,255402640025384
0,24609375 0,260828969807265
0,25 0,266203944937554
0,25390625 0,271523213327134
0,2578125 0,276782422886885
0,26171875 0,281977221527692
0,265625 0,287103257160435
0,26953125 0,292156177695996
0,2734375 0,297131631045259
0,27734375 0,302025265119104
0,28125 0,306832727828414
0,28515625 0,311549667084071
0,2890625 0,316171730796957
0,29296875 0,320694566877954
0,296875 0,325113823237944
0,30078125 0,329425147787809
0,3046875 0,333624188438432
0,30859375 0,337706593100694
0,3125 0,341668009685477
0,31640625 0,345504086103663
0,3203125 0,349210470266135
0,32421875 0,352782810083775
0,328125 0,356216753467464
0,33203125 0,359507948328085
0,3359375 0,36265204257652
0,33984375 0,36564468412365
0,34375 0,368481520880359
0,34765625 0,371158200757527
0,3515625 0,373670371666037
0,35546875 0,376013681516772
0,359375 0,378183778220612
0,36328125 0,380176309688441
0,3671875 0,38198692383114
0,37109375 0,383611268559591
0,375 0,385044991784677
0,37890625 0,386283741417278
0,3828125 0,387323165368279
0,38671875 0,38815891154856
0,390625 0,388786627869004
0,39453125 0,389201962240492
0,3984375 0,389400562573907
0,40234375 0,3894519869163
0,40625 0,389656029122891
0,41015625 0,390041854830505
0,4140625 0,390605799049202
0,41796875 0,391344196789042
0,421875 0,392253383060085
0,42578125 0,393329692872391
0,4296875 0,394569461236019
0,43359375 0,395969023161031
0,4375 0,397524713657485
0,44140625 0,399232867735442
0,4453125 0,401089820404963
0,44921875 0,403091906676106
0,453125 0,405235461558932
0,45703125 0,407516820063502
0,4609375 0,409932317199874
0,46484375 0,41247828797811
0,46875 0,415151067408268
0,47265625 0,41794699050041
0,4765625 0,420862392264595
0,48046875 0,423893607710884
0,484375 0,427036971849335
0,48828125 0,43028881969001
0,4921875 0,433645486242968
0,49609375 0,43710330651827
0,5 0,440658615525974
0,50390625 0,444307748276142
0,5078125 0,448047039778834
0,51171875 0,451872825044109
0,515625 0,455781439082027
0,51953125 0,459769216902649
0,5234375 0,463832493516034
0,52734375 0,467967603932243
0,53125 0,472170883161335
0,53515625 0,476438666213371
0,5390625 0,480767288098411
0,54296875 0,485153083826514
0,546875 0,48959238840774
0,55078125 0,494081536852151
0,5546875 0,498616864169805
0,55859375 0,503194705370763
0,5625 0,507811395465084
0,56640625 0,512463269462829
0,5703125 0,517146662374058
0,57421875 0,521857909208831
0,578125 0,526593344977208
0,58203125 0,531349304689249
0,5859375 0,536122123355013
0,58984375 0,540908135984561
0,59375 0,545703677587954
0,59765625 0,55050508317525
0,6015625 0,55530868775651
0,60546875 0,560110826341795
0,609375 0,564907833941163
0,61328125 0,569696045564675
0,6171875 0,574471796222392
0,62109375 0,579231420924372
0,625 0,583971254680677
0,62890625 0,588687632501366
0,6328125 0,593376889396499
0,63671875 0,598035360376136
0,640625 0,602659380450337
0,64453125 0,607245284629163
0,6484375 0,611789407922673
0,65234375 0,616288085340927
0,65625 0,620737651893986
0,66015625 0,625134442591909
0,6640625 0,629474792444756
0,66796875 0,633755036462588
0,671875 0,637971509655465
0,67578125 0,642120547033445
0,6796875 0,64619848360659
0,68359375 0,65020165438496
0,6875 0,654126394378614
0,69140625 0,657969038597613
0,6953125 0,661725922052016
0,69921875 0,665393379751885
0,703125 0,668967746707277
0,70703125 0,672445357928254
0,7109375 0,675822548424876
0,71484375 0,679095653207203
0,71875 0,682261007285294
0,72265625 0,68531494566921
0,7265625 0,688253803369011
0,73046875 0,691073915394757
0,734375 0,693771616756508
0,73828125 0,696343242464323
0,7421875 0,698785127528263
0,74609375 0,701093606958389
0,75 0,703265015764759
0,75390625 0,705295688957434
0,7578125 0,707181961546474
0,76171875 0,708920168541939
0,765625 0,710506644953889
0,76953125 0,711937725792385
0,7734375 0,713209746067485
0,77734375 0,71431904078925
0,78125 0,715261944967741
0,78515625 0,716034793613016
0,7890625 0,716633921735137
0,79296875 0,717055664344163
0,796875 0,717296356450155
0,80078125 0,7173585445524
0,8046875 0,717443846578425
0,80859375 0,717649112076266
0,8125 0,717971941776487
0,81640625 0,71840993640965
0,8203125 0,71896069670632
0,82421875 0,719621823397061
0,828125 0,720390917212435
0,83203125 0,721265578883007
0,8359375 0,722243409139341
0,83984375 0,723322008711999
0,84375 0,724498978331547
0,84765625 0,725771918728547
0,8515625 0,727138430633563
0,85546875 0,728596114777158
0,859375 0,730142571889898
0,86328125 0,731775402702344
0,8671875 0,733492207945062
0,87109375 0,735290588348613
0,875 0,737168144643564
0,87890625 0,739122477560476
0,8828125 0,741151187829914
0,88671875 0,743251876182441
0,890625 0,745422143348621
0,89453125 0,747659590059018
0,8984375 0,749961817044196
0,90234375 0,752326425034717
0,90625 0,754751014761146
0,91015625 0,757233186954047
0,9140625 0,759770542343983
0,91796875 0,762360681661518
0,921875 0,765001205637215
0,92578125 0,767689715001639
0,9296875 0,770423810485352
0,93359375 0,773201092818919
0,9375 0,776019162732903
0,94140625 0,778875620957869
0,9453125 0,781768068224379
0,94921875 0,784694105262997
0,953125 0,787651332804287
0,95703125 0,790637351578814
0,9609375 0,793649762317139
0,96484375 0,796686165749828
0,96875 0,799744162607443
0,97265625 0,802821353620549
0,9765625 0,805915339519709
0,98046875 0,809023721035487
0,984375 0,812144098898447
0,98828125 0,815274073839152
0,9921875 0,818411246588165
0,99609375 0,821553217876052
1 0,824697588433374
1,00390625 0,827841958990697
1,0078125 0,830983930278584
1,01171875 0,834121103027597
1,015625 0,837251077968302
1,01953125 0,840371455831262
1,0234375 0,84347983734704
1,02734375 0,8465738232462
1,03125 0,849651014259306
1,03515625 0,852709011116921
1,0390625 0,85574541454961
1,04296875 0,858757825287935
1,046875 0,861743844062462
1,05078125 0,864701071603752
1,0546875 0,86762710864237
1,05859375 0,87051955590888
1,0625 0,873376014133846
1,06640625 0,87619408404783
1,0703125 0,878971366381397
1,07421875 0,88170546186511
1,078125 0,884393971229534
1,08203125 0,887034495205231
1,0859375 0,889624634522766
1,08984375 0,892161989912702
1,09375 0,894644162105603
1,09765625 0,897068751832032
1,1015625 0,899433359822553
1,10546875 0,901735586807731
1,109375 0,903973033518128
1,11328125 0,906143300684308
1,1171875 0,908243989036835
1,12109375 0,910272699306273
1,125 0,912227032223185
1,12890625 0,914104588518136
1,1328125 0,915902968921688
1,13671875 0,917619774164405
1,140625 0,919252604976851
1,14453125 0,920799062089591
1,1484375 0,922256746233187
1,15234375 0,923623258138202
1,15625 0,924896198535202
1,16015625 0,92607316815475
1,1640625 0,927151767727408
1,16796875 0,928129597983742
1,171875 0,929004259654314
1,17578125 0,929773353469688
1,1796875 0,930434480160429
1,18359375 0,930985240457099
1,1875 0,931423235090262
1,19140625 0,931746064790482
1,1953125 0,931951330288324
1,19921875 0,932036632314349
1,203125 0,932051387500698
1,20703125 0,932100954911621
1,2109375 0,932187807320508
1,21484375 0,932311189970316
1,21875 0,932470348104
1,22265625 0,932664526964516
1,2265625 0,932892971794821
1,23046875 0,933154927837871
1,234375 0,933449640336622
1,23828125 0,933776354534031
1,2421875 0,934134315673053
1,24609375 0,934522768996644
1,25 0,934940959747762
1,25390625 0,935388133169361
1,2578125 0,935863534504399
1,26171875 0,936366408995831
1,265625 0,936896001886614
1,26953125 0,937451558419704
1,2734375 0,938032323838057
1,27734375 0,93863754338463
1,28125 0,939266462302377
1,28515625 0,939918325834257
1,2890625 0,940592379223224
1,29296875 0,941287867712235
1,296875 0,942004036544246
1,30078125 0,942740130962214
1,3046875 0,943495396209095
1,30859375 0,944269077527844
1,3125 0,945060420161419
1,31640625 0,945868669352774
1,3203125 0,946693070344867
1,32421875 0,947532868380654
1,328125 0,94838730870309
1,33203125 0,949255636555133
1,3359375 0,950137097179737
1,33984375 0,95103093581986
1,34375 0,951936397718458
1,34765625 0,952852728118486
1,3515625 0,953779172262902
1,35546875 0,95471497539466
1,359375 0,955659382756718
1,36328125 0,956611639592032
1,3671875 0,957570991143557
1,37109375 0,95853668265425
1,375 0,959507959367067
1,37890625 0,960484066524965
1,3828125 0,961464249370899
1,38671875 0,962447753147826
1,390625 0,963433823098702
1,39453125 0,964421704466483
1,3984375 0,965410642494125
1,40234375 0,966399882424585
1,40625 0,967388669500819
1,41015625 0,968376248965782
1,4140625 0,969361866062432
1,41796875 0,970344766033724
1,421875 0,971324194122614
1,42578125 0,972299395572059
1,4296875 0,973269615625016
1,43359375 0,974234099524438
1,4375 0,975192092513285
1,44140625 0,976142839834511
1,4453125 0,977085586731072
1,44921875 0,978019578445926
1,453125 0,978944060222027
1,45703125 0,979858277302333
1,4609375 0,980761474929799
1,46484375 0,981652898347382
1,46875 0,982531792798038
1,47265625 0,983397403524722
1,4765625 0,984248975770392
1,48046875 0,985085754778004
1,484375 0,985906985790513
1,48828125 0,986711914050876
1,4921875 0,987499784802049
1,49609375 0,988269843286988
1,5 0,989021334748649
1,50390625 0,989753504429989
1,5078125 0,990465597573964
1,51171875 0,99115685942353
1,515625 0,991826535221643
1,51953125 0,99247387021126
1,5234375 0,993098109635336
1,52734375 0,993698498736828
1,53125 0,994274282758691
1,53515625 0,994824706943883
1,5390625 0,99534901653536
1,54296875 0,995846456776077
1,546875 0,99631627290899
1,55078125 0,996757710177057
1,5546875 0,997170013823233
1,55859375 0,997552429090474
1,5625 0,997904201221737
1,56640625 0,998224575459977
1,5703125 0,998512797048152
1,57421875 0,998768111229216
1,578125 0,998989763246127
1,58203125 0,99917699834184
1,5859375 0,999329061759312
1,58984375 0,9994451987415
1,59375 0,999524654531358
1,59765625 0,999566674371843
1,6015625 0,999569481287873
1,60546875 0,999523441138378
1,609375 0,999427157027346
1,61328125 0,999281637869666
1,6171875 0,999087892580228
1,62109375 0,998846930073924
1,625 0,998559759265644
1,62890625 0,998227389070277
1,6328125 0,997850828402714
1,63671875 0,997431086177846
1,640625 0,996969171310563
1,64453125 0,996466092715754
1,6484375 0,995922859308311
1,65234375 0,995340480003124
1,65625 0,994719963715082
1,66015625 0,994062319359077
1,6640625 0,993368555849999
1,66796875 0,992639682102737
1,671875 0,991876707032183
1,67578125 0,991080639553227
1,6796875 0,990252488580758
1,68359375 0,989393263029667
1,6875 0,988503971814846
1,69140625 0,987585623851183
1,6953125 0,986639228053569
1,69921875 0,985665793336894
1,703125 0,98466632861605
1,70703125 0,983641842805926
1,7109375 0,982593344821412
1,71484375 0,981521843577399
1,71875 0,980428347988777
1,72265625 0,979313866970436
1,7265625 0,978179409437267
1,73046875 0,97702598430416
1,734375 0,975854600486006
1,73828125 0,974666266897694
1,7421875 0,973461992454115
1,74609375 0,972242786070159
1,75 0,971009656660717
1,75390625 0,969763613140679
1,7578125 0,968505664424935
1,76171875 0,967236819428376
1,765625 0,965958087065892
1,76953125 0,964670476252373
1,7734375 0,963374995902709
1,77734375 0,962072654931792
1,78125 0,96076446225451
1,78515625 0,959451426785755
1,7890625 0,958134557440417
1,79296875 0,956814863133386
1,796875 0,955493352779552
1,80078125 0,954171035293806
1,8046875 0,952848919591038
1,80859375 0,951528014586139
1,8125 0,950209329193998
1,81640625 0,948893872329506
1,8203125 0,947582652907553
1,82421875 0,946276679843031
1,828125 0,944976962050828
1,83203125 0,943684508445835
1,8359375 0,942400327942943
1,83984375 0,941125429457042
1,84375 0,939860821903022
1,84765625 0,938607514195774
1,8515625 0,937366515250187
1,85546875 0,936138833981153
1,859375 0,934925479303561
1,86328125 0,933727460132303
1,8671875 0,932545785382267
1,87109375 0,931381463968345
1,875 0,930235504805426
1,87890625 0,929108916808401
1,8828125 0,928002708892161
1,88671875 0,926917889971596
1,890625 0,925855468961596
1,89453125 0,924816454777051
1,8984375 0,923801856332852
1,90234375 0,922812682543888
1,90625 0,921849942325051
1,91015625 0,920914644591231
1,9140625 0,920007798257318
1,91796875 0,919130412238202
1,921875 0,918283495448773
1,92578125 0,917468056803922
1,9296875 0,91668510521854
1,93359375 0,915935649607516
1,9375 0,915220698885741
1,94140625 0,914541261968105
1,9453125 0,913898347769499
1,94921875 0,913292965204812
1,953125 0,912726123188935
1,95703125 0,912198830636759
1,9609375 0,911712096463174
1,96484375 0,91126692958307
1,96875 0,910864338911337
1,97265625 0,910505333362866
1,9765625 0,910190921852547
1,98046875 0,90992211329527
1,984375 0,909699916605925
1,98828125 0,909525340699404
1,9921875 0,909399394490596
1,99609375 0,909323086894392
2 0,909297426825682
2,00390625 0,909230961861416
2,0078125 0,909033309169516
2,01171875 0,90870708205133
2,015625 0,908254893808205
2,01953125 0,907679357741488
2,0234375 0,906983087152527
2,02734375 0,906168695342668
2,03125 0,90523879561326
2,03515625 0,904196001265649
2,0390625 0,903042925601182
2,04296875 0,901782181921207
2,046875 0,900416383527072
2,05078125 0,898948143720123
2,0546875 0,897380075801707
2,05859375 0,895714793073173
2,0625 0,893954908835867
2,06640625 0,892103036391137
2,0703125 0,890161789040329
2,07421875 0,888133780084792
2,078125 0,886021622825872
2,08203125 0,883827930564917
2,0859375 0,881555316603274
2,08984375 0,87920639424229
2,09375 0,876783776783313
2,09765625 0,87429007752769
2,1015625 0,871727909776768
2,10546875 0,869099886831894
2,109375 0,866408621994416
2,11328125 0,863656728565681
2,1171875 0,860846819847036
2,12109375 0,85798150913983
2,125 0,855063409745407
2,12890625 0,852095134965117
2,1328125 0,849079298100306
2,13671875 0,846018512452323
2,140625 0,842915391322513
2,14453125 0,839772548012224
2,1484375 0,836592595822804
2,15234375 0,8333781480556
2,15625 0,830131818011959
2,16015625 0,826856218993228
2,1640625 0,823553964300755
2,16796875 0,820227667235887
2,171875 0,816879941099971
2,17578125 0,813513399194355
2,1796875 0,810130654820386
2,18359375 0,806734321279411
2,1875 0,803327011872777
2,19140625 0,799911339901832
2,1953125 0,796489918667923
2,19921875 0,793065361472397
2,203125 0,789640281616602
2,20703125 0,786217292401884
2,2109375 0,782799007129592
2,21484375 0,779388039101072
2,21875 0,775987001617671
2,22265625 0,772598507980738
2,2265625 0,769225171491619
2,23046875 0,765869605451661
2,234375 0,762534423162213
2,23828125 0,75922223792462
2,2421875 0,755935663040231
2,24609375 0,752677311810392
2,25 0,749449797536452
2,25390625 0,746255733519756
2,2578125 0,743097733061653
2,26171875 0,73997840946349
2,265625 0,736900376026614
2,26953125 0,733866246052373
2,2734375 0,730878632842113
2,27734375 0,727940149697182
2,28125 0,725053409918927
2,28515625 0,722221026808695
2,2890625 0,719445613667835
2,29296875 0,716729783797693
2,296875 0,714076150499615
2,30078125 0,711487327074951
2,3046875 0,708965926825047
2,30859375 0,706514563051249
2,3125 0,704135849054906
2,31640625 0,701832398137365
2,3203125 0,699606823599974
2,32421875 0,697461738744078
2,328125 0,695399756871026
2,33203125 0,693423491282165
2,3359375 0,691535555278842
2,33984375 0,689738562162405
2,34375 0,6880351252342
2,34765625 0,686427857795575
2,3515625 0,684919373147878
2,35546875 0,683512284592455
2,359375 0,682209205430655
2,36328125 0,681012748963823
2,3671875 0,679925528493308
2,37109375 0,678950157320457
2,375 0,678089248746617
2,37890625 0,677345416073135
2,3828125 0,676721272601359
2,38671875 0,676219431632635
2,390625 0,675842506468312
2,39453125 0,675593110409736
2,3984375 0,675473856758255
2,40234375 0,675428249687409
2,40625 0,675216406809333
2,41015625 0,674815830724111
2,4140625 0,674230326536724
2,41796875 0,673463699352156
2,421875 0,672519754275389
2,42578125 0,671402296411407
2,4296875 0,670115130865192
2,43359375 0,668662062741727
2,4375 0,667046897145995
2,44140625 0,665273439182978
2,4453125 0,66334549395766
2,44921875 0,661266866575022
2,453125 0,659041362140049
2,45703125 0,656672785757722
2,4609375 0,654164942533025
2,46484375 0,65152163757094
2,46875 0,648746675976451
2,47265625 0,645843862854539
2,4765625 0,642817003310188
2,48046875 0,63966990244838
2,484375 0,636406365374099
2,48828125 0,633030197192327
2,4921875 0,629545203008047
2,49609375 0,625955187926241
2,5 0,622263957051894
2,50390625 0,618475315489986
2,5078125 0,614593068345502
2,51171875 0,610621020723423
2,515625 0,606562977728733
2,51953125 0,602422744466415
2,5234375 0,598204126041451
2,52734375 0,593910927558824
2,53125 0,589546954123518
2,53515625 0,585116010840513
2,5390625 0,580621902814795
2,54296875 0,576068435151344
2,546875 0,571459412955145
2,55078125 0,56679864133118
2,5546875 0,562089925384431
2,55859375 0,557337070219882
2,5625 0,552543880942516
2,56640625 0,547714162657314
2,5703125 0,54285172046926
2,57421875 0,537960359483337
2,578125 0,533043884804528
2,58203125 0,528106101537815
2,5859375 0,523150814788181
2,58984375 0,518181829660609
2,59375 0,513202951260082
2,59765625 0,508217984691582
2,6015625 0,503230735060092
2,60546875 0,498245007470596
2,609375 0,493264607028075
2,61328125 0,488293338837514
2,6171875 0,483335008003893
2,62109375 0,478393419632198
2,625 0,473472378827409
2,62890625 0,46857569069451
2,6328125 0,463707160338484
2,63671875 0,458870592864313
2,640625 0,454069793376981
2,64453125 0,44930856698147
2,6484375 0,444590718782762
2,65234375 0,439920053885842
2,65625 0,435300377395691
2,66015625 0,430735494417292
2,6640625 0,426229210055629
2,66796875 0,421785329415683
2,671875 0,417407657602438
2,67578125 0,413099999720876
2,6796875 0,408866160875981
2,68359375 0,404709946172735
2,6875 0,400635160716121
2,69140625 0,396645609611122
2,6953125 0,39274509796272
2,69921875 0,388937430875898
2,703125 0,38522641345564
2,70703125 0,381615850806927
2,7109375 0,378109548034744
2,71484375 0,374711310244071
2,71875 0,371424942539893
2,72265625 0,368254250027192
2,7265625 0,365203037810951
2,73046875 0,362275110996153
2,734375 0,359474274687781
2,73828125 0,356804333990816
2,7421875 0,354269094010243
2,74609375 0,351872359851043
2,75 0,349617936618201
2,75390625 0,347509629416698
2,7578125 0,345551243351517
2,76171875 0,343746583527641
2,765625 0,342099455050053
2,76953125 0,340613663023736
2,7734375 0,339293012553673
2,77734375 0,338141308744845
2,78125 0,337162356702237
2,78515625 0,336359961530831
2,7890625 0,335737928335609
2,79296875 0,335300062221555
2,796875 0,335050168293651
2,80078125 0,334983654343263
2,8046875 0,334827355980674
2,80859375 0,334451249307675
2,8125 0,333859730490474
2,81640625 0,333057195695279
2,8203125 0,332048041088299
2,82421875 0,330836662835742
2,828125 0,329427457103815
2,83203125 0,327824820058728
2,8359375 0,326033147866688
2,83984375 0,324056836693903
2,84375 0,321900282706583
2,84765625 0,319567882070934
2,8515625 0,317064030953165
2,85546875 0,314393125519485
2,859375 0,311559561936101
2,86328125 0,308567736369222
2,8671875 0,305422044985055
2,87109375 0,30212688394981
2,875 0,298686649429695
2,87890625 0,295105737590917
2,8828125 0,291388544599684
2,88671875 0,287539466622206
2,890625 0,283562899824689
2,89453125 0,279463240373343
2,8984375 0,275244884434376
2,90234375 0,270912228173995
2,90625 0,266469667758409
2,91015625 0,261921599353827
2,9140625 0,257272419126456
2,91796875 0,252526523242504
2,921875 0,24768830786818
2,92578125 0,242762169169692
2,9296875 0,237752503313248
2,93359375 0,232663706465057
2,9375 0,227500174791326
2,94140625 0,222266304458264
2,9453125 0,216966491632079
2,94921875 0,211605132478979
2,953125 0,206186623165172
2,95703125 0,200715359856867
2,9609375 0,195195738720272
2,96484375 0,189632155921595
2,96875 0,184029007627044
2,97265625 0,178390690002827
2,9765625 0,172721599215153
2,98046875 0,16702613143023
2,984375 0,161308682814266
2,98828125 0,155573649533469
2,9921875 0,149825427754047
2,99609375 0,144068413642209
3 0,138307003364162
3,00390625 0,132545593086116
3,0078125 0,126788578974278
3,01171875 0,121040357194856
3,015625 0,115305323914059
3,01953125 0,109587875298095
3,0234375 0,103892407513172
3,02734375 0,0982233167254977
3,03125 0,0925849991012811
3,03515625 0,08698185080673
3,0390625 0,0814182680080529
3,04296875 0,0758986468714576
3,046875 0,0704273835631527
3,05078125 0,0650088742493461
3,0546875 0,0596475150962462
3,05859375 0,0543477022700611
3,0625 0,0491138319369989
3,06640625 0,0439503002632681
3,0703125 0,0388615034150768
3,07421875 0,0338518375586329
3,078125 0,0289256988601449
3,08203125 0,0240874834858211
3,0859375 0,0193415876018694
3,08984375 0,0146924073744981
3,09375 0,0101443389699156
3,09765625 0,00570177855432991
3,1015625 0,00136912229394914
3,10546875 -0,00284923364501821
3,109375 -0,00694889309636426
3,11328125 -0,0109254598938807
3,1171875 -0,014774537871359
3,12109375 -0,0184917308625916
3,125 -0,0220726427013698
3,12890625 -0,0255128772214855
3,1328125 -0,0288080382567306
3,13671875 -0,0319537296408967
3,140625 -0,0349455552077758
3,14453125 -0,0377791187911598
3,1484375 -0,0404500242248402
3,15234375 -0,0429538753426087
3,15625 -0,0452862759782577
3,16015625 -0,0474428299655786
3,1640625 -0,0494191411383629
3,16796875 -0,0512108133304031
3,171875 -0,0528134503754903
3,17578125 -0,0542226561074168
3,1796875 -0,0554340343599743
3,18359375 -0,0564431889669544
3,1875 -0,0572457237621491
3,19140625 -0,05783724257935
3,1953125 -0,0582133492523491
3,19921875 -0,058369647614938
3,203125 -0,0584441163654259
3,20703125 -0,0587260631139205
3,2109375 -0,0592200924333565
3,21484375 -0,0599219111542817
3,21875 -0,0608272261072439
3,22265625 -0,0619317441227909
3,2265625 -0,0632311720314703
3,23046875 -0,0647212166638299
3,234375 -0,0663975848504174
3,23828125 -0,0682559834217806
3,2421875 -0,0702921192084673
3,24609375 -0,0725016990410251
3,25 -0,0748804297500018
3,25390625 -0,0774240181659453
3,2578125 -0,0801281711194031
3,26171875 -0,082988595440923
3,265625 -0,0860009979610528
3,26953125 -0,0891610855103403
3,2734375 -0,0924645649193332
3,27734375 -0,0959071430185792
3,28125 -0,099484526638626
3,28515625 -0,103192422610021
3,2890625 -0,107026537763313
3,29296875 -0,110982578929049
3,296875 -0,115056252937777
3,30078125 -0,119243266620044
3,3046875 -0,123539326806399
3,30859375 -0,127940140327388
3,3125 -0,132441414013561
3,31640625 -0,137038854695464
3,3203125 -0,141728169203645
3,32421875 -0,146505064368653
3,328125 -0,151365247021034
3,33203125 -0,156304423991337
3,3359375 -0,161318302110109
3,33984375 -0,166402588207897
3,34375 -0,171552989115251
3,34765625 -0,176765211662717
3,3515625 -0,182034962680844
3,35546875 -0,187357949000178
3,359375 -0,192729877451269
3,36328125 -0,198146454864662
3,3671875 -0,203603388070907
3,37109375 -0,209096383900551
3,375 -0,214621149184141
3,37890625 -0,220173390752226
3,3828125 -0,225748815435353
3,38671875 -0,231343130064071
3,390625 -0,236952041468925
3,39453125 -0,242571256480465
3,3984375 -0,248196481929239
3,40234375 -0,253823424645793
3,40625 -0,259447791460676
3,41015625 -0,265065289204435
3,4140625 -0,270671624707619
3,41796875 -0,276262504800774
3,421875 -0,281833636314449
3,42578125 -0,287380726079191
3,4296875 -0,292899480925548
3,43359375 -0,298385607684069
3,4375 -0,303834813185299
3,44140625 -0,309242804259788
3,4453125 -0,314605287738084
3,44921875 -0,319917970450733
3,453125 -0,325176559228283
3,45703125 -0,330376760901283
3,4609375 -0,33551428230028
3,46484375 -0,340584830255822
3,46875 -0,345584111598456
3,47265625 -0,350507833158731
3,4765625 -0,355351701767193
3,48046875 -0,360111424254392
3,484375 -0,364782707450874
3,48828125 -0,369361258187187
3,4921875 -0,373842783293879
3,49609375 -0,378222989601498
3,5 -0,382497583940591
3,50390625 -0,386662273141707
3,5078125 -0,390712764035392
3,51171875 -0,394644763452195
3,515625 -0,398453978222664
3,51953125 -0,402136115177346
3,5234375 -0,405686881146789
3,52734375 -0,40910198296154
3,53125 -0,412377127452148
3,53515625 -0,415508021449161
3,5390625 -0,418490371783125
3,54296875 -0,421319885284588
3,546875 -0,423992268784099
3,55078125 -0,426503229112206
3,5546875 -0,428848473099455
3,55859375 -0,431023707576395
3,5625 -0,433024639373573
3,56640625 -0,434846975321537
3,5703125 -0,436486422250835
3,57421875 -0,437938686992015
3,578125 -0,439199476375624
3,58203125 -0,44026449723221
3,5859375 -0,441129456392321
3,58984375 -0,441790060686505
3,59375 -0,442242016945309
3,59765625 -0,442481031999281
3,6015625 -0,442534792520126
3,60546875 -0,442695073928408
3,609375 -0,443030271643464
3,61328125 -0,443536873289657
3,6171875 -0,444211366491348
3,62109375 -0,445050238872898
3,625 -0,446049978058671
3,62890625 -0,447207071673028
3,6328125 -0,44851800734033
3,63671875 -0,449979272684941
3,640625 -0,451587355331221
3,64453125 -0,453338742903534
3,6484375 -0,45522992302624
3,65234375 -0,457257383323701
3,65625 -0,459417611420281
3,66015625 -0,46170709494034
3,6640625 -0,464122321508241
3,66796875 -0,466659778748345
3,671875 -0,469315954285015
3,67578125 -0,472087335742613
3,6796875 -0,4749704107455
3,68359375 -0,477961666918038
3,6875 -0,481057591884591
3,69140625 -0,484254673269518
3,6953125 -0,487549398697183
3,69921875 -0,490938255791947
3,703125 -0,494417732178172
3,70703125 -0,497984315480221
3,7109375 -0,501634493322455
3,71484375 -0,505364753329236
3,71875 -0,509171583124926
3,72265625 -0,513051470333888
3,7265625 -0,517000902580482
3,73046875 -0,521016367489072
3,734375 -0,525094352684019
3,73828125 -0,529231345789684
3,7421875 -0,533423834430431
3,74609375 -0,53766830623062
3,75 -0,541961248814615
3,75390625 -0,546299149806776
3,7578125 -0,550678496831466
3,76171875 -0,555095777513047
3,765625 -0,55954747947588
3,76953125 -0,564030090344328
3,7734375 -0,568540097742753
3,77734375 -0,573073989295517
3,78125 -0,577628252626981
3,78515625 -0,582199375361508
3,7890625 -0,586783845123459
3,79296875 -0,591378149537197
3,796875 -0,595978776227083
3,80078125 -0,60058221281748
3,8046875 -0,605184946932749
3,80859375 -0,609783466197252
3,8125 -0,614374258235352
3,81640625 -0,61895381067141
3,8203125 -0,623518611129788
3,82421875 -0,628065147234849
3,828125 -0,632589906610953
3,83203125 -0,637089376882464
3,8359375 -0,641560045673743
3,83984375 -0,645998400609152
3,84375 -0,650400929313053
3,84765625 -0,654764119409808
3,8515625 -0,659084458523779
3,85546875 -0,663358434279328
3,859375 -0,667582534300817
3,86328125 -0,671753246212608
3,8671875 -0,675867057639063
3,87109375 -0,679920456204543
3,875 -0,683909929533411
3,87890625 -0,687831965250029
3,8828125 -0,691683050978758
3,88671875 -0,695459674343962
3,890625 -0,69915832297
3,89453125 -0,702775484481237
3,8984375 -0,706307646502033
3,90234375 -0,709751296656751
3,90625 -0,713102922569751
3,91015625 -0,716359011865398
3,9140625 -0,719516052168052
3,91796875 -0,722570531102075
3,921875 -0,725518936291829
3,92578125 -0,728357755361677
3,9296875 -0,73108347593598
3,93359375 -0,733692585639101
3,9375 -0,7361815720954
3,94140625 -0,738546922929241
3,9453125 -0,740785125764985
3,94921875 -0,742892668226994
3,953125 -0,74486603793963
3,95703125 -0,746701722527255
3,9609375 -0,748396209614231
3,96484375 -0,74994598682492
3,96875 -0,751347541783684
3,97265625 -0,752597362114885
3,9765625 -0,753691935442884
3,98046875 -0,754627749392045
3,984375 -0,755401291586728
3,98828125 -0,756009049651296
3,9921875 -0,756447511210111
3,99609375 -0,756713163887534
4 -0,756802495307928
4,00390625 -0,75685786507192
4,0078125 -0,757022522993935
4,01171875 -0,757294292019033
4,015625 -0,757670995092273
4,01953125 -0,758150455158714
4,0234375 -0,758730495163415
4,02734375 -0,759408938051436
4,03125 -0,760183606767837
4,03515625 -0,761052324257675
4,0390625 -0,762012913466012
4,04296875 -0,763063197337905
4,046875 -0,764200998818415
4,05078125 -0,7654241408526
4,0546875 -0,76673044638552
4,05859375 -0,768117738362234
4,0625 -0,769583839727802
4,06640625 -0,771126573427282
4,0703125 -0,772743762405735
4,07421875 -0,774433229608218
4,078125 -0,776192797979793
4,08203125 -0,778020290465517
4,0859375 -0,779913530010451
4,08984375 -0,781870339559653
4,09375 -0,783888542058183
4,09765625 -0,7859659604511
4,1015625 -0,788100417683464
4,10546875 -0,790289736700333
4,109375 -0,792531740446768
4,11328125 -0,794824251867826
4,1171875 -0,797165093908569
4,12109375 -0,799552089514054
4,125 -0,801983061629341
4,12890625 -0,80445583319949
4,1328125 -0,80696822716956
4,13671875 -0,80951806648461
4,140625 -0,812103174089699
4,14453125 -0,814721372929887
4,1484375 -0,817370485950233
4,15234375 -0,820048336095796
4,15625 -0,822752746311636
4,16015625 -0,825481539542811
4,1640625 -0,828232538734382
4,16796875 -0,831003566831407
4,171875 -0,833792446778946
4,17578125 -0,836597001522059
4,1796875 -0,839415054005803
4,18359375 -0,842244427175239
4,1875 -0,845082943975426
4,19140625 -0,847928427351424
4,1953125 -0,85077870024829
4,19921875 -0,853631585611086
4,203125 -0,85648490638487
4,20703125 -0,859336485514701
4,2109375 -0,862184145945639
4,21484375 -0,865025710622743
4,21875 -0,867859002491073
4,22265625 -0,870681844495687
4,2265625 -0,873492059581645
4,23046875 -0,876287470694006
4,234375 -0,87906590077783
4,23828125 -0,881825172778175
4,2421875 -0,884563109640102
4,24609375 -0,887277534308669
4,25 -0,889966269728935
4,25390625 -0,892627138845961
4,2578125 -0,895257964604805
4,26171875 -0,897856569950527
4,265625 -0,900420777828185
4,26953125 -0,90294841118284
4,2734375 -0,90543729295955
4,27734375 -0,907885246103375
4,28125 -0,910290093559374
4,28515625 -0,912649658272606
4,2890625 -0,914961763188131
4,29296875 -0,917224231251008
4,296875 -0,919434885406296
4,30078125 -0,921591548599055
4,3046875 -0,923692043774344
4,30859375 -0,925734193877221
4,3125 -0,927715821852748
4,31640625 -0,929634750645982
4,3203125 -0,931488803201983
4,32421875 -0,93327580246581
4,328125 -0,934993571382523
4,33203125 -0,936639932897181
4,3359375 -0,938212709954843
4,33984375 -0,939709725500569
4,34375 -0,941128802479417
4,34765625 -0,942467763836448
4,3515625 -0,94372443251672
4,35546875 -0,944896631465293
4,359375 -0,945982183627225
4,36328125 -0,946978911947577
4,3671875 -0,947884639371408
4,37109375 -0,948697188843777
4,375 -0,949414383309742
4,37890625 -0,950034045714364
4,3828125 -0,950553999002703
4,38671875 -0,950972066119815
4,390625 -0,951286070010763
4,39453125 -0,951493833620604
4,3984375 -0,951593179894398
4,40234375 -0,951606645760277
4,40625 -0,951634372479756
4,41015625 -0,951686801246046
4,4140625 -0,951763434034011
4,41796875 -0,951863772818513
4,421875 -0,951987319574415
4,42578125 -0,952133576276579
4,4296875 -0,952302044899867
4,43359375 -0,952492227419144
4,4375 -0,952703625809271
4,44140625 -0,95293574204511
4,4453125 -0,953188078101526
4,44921875 -0,95346013595338
4,453125 -0,953751417575534
4,45703125 -0,954061424942853
4,4609375 -0,954389660030197
4,46484375 -0,954735624812431
4,46875 -0,955098821264416
4,47265625 -0,955478751361016
4,4765625 -0,955874917077093
4,48046875 -0,956286820387509
4,484375 -0,956713963267128
4,48828125 -0,957155847690811
4,4921875 -0,957611975633423
4,49609375 -0,958081849069825
4,5 -0,958564969974879
4,50390625 -0,95906084032345
4,5078125 -0,959568962090398
4,51171875 -0,960088837250588
4,515625 -0,960619967778882
4,51953125 -0,961161855650141
4,5234375 -0,96171400283923
4,52734375 -0,962275911321011
4,53125 -0,962847083070346
4,53515625 -0,963427020062097
4,5390625 -0,964015224271129
4,54296875 -0,964611197672303
4,546875 -0,965214442240482
4,55078125 -0,965824459950529
4,5546875 -0,966440752777306
4,55859375 -0,967062822695676
4,5625 -0,967690171680502
4,56640625 -0,968322301706646
4,5703125 -0,968958714748971
4,57421875 -0,96959891278234
4,578125 -0,970242397781616
4,58203125 -0,97088867172166
4,5859375 -0,971537236577336
4,58984375 -0,972187594323507
4,59375 -0,972839246935034
4,59765625 -0,973491696386782
4,6015625 -0,974144444653611
4,60546875 -0,974796993710386
4,609375 -0,975448845531969
4,61328125 -0,976099502093222
4,6171875 -0,976748465369008
4,62109375 -0,977395237334189
4,625 -0,978039319963629
4,62890625 -0,978680215232191
4,6328125 -0,979317425114736
4,63671875 -0,979950451586127
4,640625 -0,980578796621228
4,64453125 -0,9812019621949
4,6484375 -0,981819450282007
4,65234375 -0,98243076285741
4,65625 -0,983035401895974
4,66015625 -0,98363286937256
4,6640625 -0,984222667262031
4,66796875 -0,98480429753925
4,671875 -0,985377262179079
4,67578125 -0,985941063156381
4,6796875 -0,98649520244602
4,68359375 -0,987039182022856
4,6875 -0,987572503861754
4,69140625 -0,988094669937575
4,6953125 -0,988605182225183
4,69921875 -0,98910354269944
4,703125 -0,989589253335209
4,70703125 -0,990061816107352
4,7109375 -0,990520732990733
4,71484375 -0,990965505960213
4,71875 -0,991395636990656
4,72265625 -0,991810628056923
4,7265625 -0,992209981133879
4,73046875 -0,992593198196385
4,734375 -0,992959781219304
4,73828125 -0,993309232177499
4,7421875 -0,993641053045833
4,74609375 -0,993954745799168
4,75 -0,994249812412366
4,75390625 -0,994525754860291
4,7578125 -0,994782075117805
4,76171875 -0,995018275159771
4,765625 -0,995233856961051
4,76953125 -0,995428322496509
4,7734375 -0,995601173741006
4,77734375 -0,995751912669406
4,78125 -0,995880041256571
4,78515625 -0,995985061477364
4,7890625 -0,996066475306647
4,79296875 -0,996123784719283
4,796875 -0,996156491690136
4,80078125 -0,9961633206523
4,8046875 -0,996118536540028
4,80859375 -0,996010770833524
4,8125 -0,995841283164671
4,81640625 -0,995611333165356
4,8203125 -0,995322180467463
4,82421875 -0,994975084702876
4,828125 -0,99457130550348
4,83203125 -0,994112102501159
4,8359375 -0,993598735327799
4,83984375 -0,993032463615283
4,84375 -0,992414546995497
4,84765625 -0,991746245100325
4,8515625 -0,991028817561652
4,85546875 -0,990263524011363
4,859375 -0,989451624081341
4,86328125 -0,988594377403473
4,8671875 -0,987693043609641
4,87109375 -0,986748882331732
4,875 -0,985763153201629
4,87890625 -0,984737115851218
4,8828125 -0,983672029912383
4,88671875 -0,982569155017008
4,890625 -0,981429750796979
4,89453125 -0,980255076884179
4,8984375 -0,979046392910494
4,90234375 -0,977804958507808
4,90625 -0,976532033308007
4,91015625 -0,975228876942973
4,9140625 -0,973896749044593
4,91796875 -0,972536909244751
4,921875 -0,971150617175331
4,92578125 -0,969739132468218
4,9296875 -0,968303714755296
4,93359375 -0,966845623668452
4,9375 -0,965366118839568
4,94140625 -0,96386645990053
4,9453125 -0,962347906483222
4,94921875 -0,960811718219529
4,953125 -0,959259154741336
4,95703125 -0,957691475680527
4,9609375 -0,956109940668987
4,96484375 -0,9545158093386
4,96875 -0,952910341321252
4,97265625 -0,951294796248826
4,9765625 -0,949670433753208
4,98046875 -0,948038513466282
4,984375 -0,946400295019933
4,98828125 -0,944757038046045
4,9921875 -0,943110002176504
4,99609375 -0,941460447043193
5 -0,939809632277997
5,00390625 -0,938158817512801
5,0078125 -0,93650926237949
5,01171875 -0,934862226509949
5,015625 -0,933218969536061
5,01953125 -0,931580751089712
5,0234375 -0,929948830802786
5,02734375 -0,928324468307168
5,03125 -0,926708923234742
5,03515625 -0,925103455217394
5,0390625 -0,923509323887007
5,04296875 -0,921927788875467
5,046875 -0,920360109814658
5,05078125 -0,918807546336465
5,0546875 -0,917271358072772
5,05859375 -0,915752804655464
5,0625 -0,914253145716426
5,06640625 -0,912773640887542
5,0703125 -0,911315549800697
5,07421875 -0,909880132087776
5,078125 -0,908468647380663
5,08203125 -0,907082355311243
5,0859375 -0,905722515511401
5,08984375 -0,904390387613021
5,09375 -0,903087231247987
5,09765625 -0,901814306048185
5,1015625 -0,9005728716455
5,10546875 -0,899364187671815
5,109375 -0,898189513759015
5,11328125 -0,897050109538986
5,1171875 -0,895947234643611
5,12109375 -0,894882148704776
5,125 -0,893856111354365
5,12890625 -0,892870382224262
5,1328125 -0,891926220946353
5,13671875 -0,891024887152521
5,140625 -0,890167640474653
5,14453125 -0,889355740544631
5,1484375 -0,888590446994342
5,15234375 -0,887873019455669
5,15625 -0,887204717560497
5,16015625 -0,886586800940711
5,1640625 -0,886020529228195
5,16796875 -0,885507162054835
5,171875 -0,885047959052514
5,17578125 -0,884644179853118
5,1796875 -0,884297084088531
5,18359375 -0,884007931390637
5,1875 -0,883777981391322
5,19140625 -0,88360849372247
5,1953125 -0,883500728015966
5,19921875 -0,883455943903694
5,203125 -0,883408719220168
5,20703125 -0,88322362413617
5,2109375 -0,882899299068167
5,21484375 -0,882438562436889
5,21875 -0,881844232663065
5,22265625 -0,881119128167423
5,2265625 -0,880266067370692
5,23046875 -0,879287868693601
5,234375 -0,878187350556879
5,23828125 -0,876967331381254
5,2421875 -0,875630629587456
5,24609375 -0,874180063596213
5,25 -0,872618451828254
5,25390625 -0,870948612704308
5,2578125 -0,869173364645104
5,26171875 -0,86729552607137
5,265625 -0,865317915403836
5,26953125 -0,86324335106323
5,2734375 -0,861074651470281
5,27734375 -0,858814635045718
5,28125 -0,856466120210269
5,28515625 -0,854031925384664
5,2890625 -0,851514868989632
5,29296875 -0,8489177694459
5,296875 -0,846243445174199
5,30078125 -0,843494714595257
5,3046875 -0,840674396129802
5,30859375 -0,837785308198564
5,3125 -0,834830269222271
5,31640625 -0,831812097621653
5,3203125 -0,828733611817437
5,32421875 -0,825597630230353
5,328125 -0,82240697128113
5,33203125 -0,819164453390497
5,3359375 -0,815872894979181
5,33984375 -0,812535114467913
5,34375 -0,809153930277422
5,34765625 -0,805732160828434
5,3515625 -0,802272624541681
5,35546875 -0,79877813983789
5,359375 -0,79525152513779
5,36328125 -0,791695598862111
5,3671875 -0,78811317943158
5,37109375 -0,784507085266928
5,375 -0,780880134788882
5,37890625 -0,777235146418171
5,3828125 -0,773574938575525
5,38671875 -0,769902329681672
5,390625 -0,766220138157341
5,39453125 -0,762531182423261
5,3984375 -0,75883828090016
5,40234375 -0,755144252008768
5,40625 -0,751451914169813
5,41015625 -0,747764085804024
5,4140625 -0,74408358533213
5,41796875 -0,74041323117486
5,421875 -0,736755841752943
5,42578125 -0,733114235487107
5,4296875 -0,729491230798082
5,43359375 -0,725889646106595
5,4375 -0,722312299833376
5,44140625 -0,718762010399155
5,4453125 -0,715241596224658
5,44921875 -0,711753875730617
5,453125 -0,708301667337758
5,45703125 -0,704887789466812
5,4609375 -0,701515060538506
5,46484375 -0,698186298973571
5,46875 -0,694904323192733
5,47265625 -0,691671951616724
5,4765625 -0,68849200266627
5,48046875 -0,685367294762102
5,484375 -0,682300646324947
5,48828125 -0,679294875775536
5,4921875 -0,676352801534595
5,49609375 -0,673477242022856
5,5 -0,670671015661045
5,50390625 -0,667936940869893
5,5078125 -0,665277836070127
5,51171875 -0,662696519682477
5,515625 -0,660195810127672
5,51953125 -0,65777852582644
5,5234375 -0,65544748519951
5,52734375 -0,653205506667612
5,53125 -0,651055408651473
5,53515625 -0,649000009571823
5,5390625 -0,64704212784939
5,54296875 -0,645184581904904
5,546875 -0,643430190159093
5,55078125 -0,641781771032686
5,5546875 -0,640242142946412
5,55859375 -0,638814124321
5,5625 -0,637500533577178
5,56640625 -0,636304189135676
5,5703125 -0,635227909417221
5,57421875 -0,634274512842544
5,578125 -0,633446817832373
5,58203125 -0,632747642807436
5,5859375 -0,632179806188463
5,58984375 -0,631746126396182
5,59375 -0,631449421851322
5,59765625 -0,631292510974612
5,6015625 -0,631250573349281
5,60546875 -0,631071131997758
5,609375 -0,630695864949248
5,61328125 -0,630128704446663
5,6171875 -0,629373582732913
5,62109375 -0,628434432050911
5,625 -0,627315184643568
5,62890625 -0,626019772753794
5,6328125 -0,624552128624501
5,63671875 -0,622916184498602
5,640625 -0,621115872619007
5,64453125 -0,619155125228627
5,6484375 -0,617037874570374
5,65234375 -0,614768052887159
5,65625 -0,612349592421894
5,66015625 -0,60978642541749
5,6640625 -0,607082484116859
5,66796875 -0,604241700762911
5,671875 -0,601268007598558
5,67578125 -0,598165336866713
5,6796875 -0,594937620810285
5,68359375 -0,591588791672186
5,6875 -0,588122781695328
5,69140625 -0,584543523122623
5,6953125 -0,580854948196981
5,69921875 -0,577060989161314
5,703125 -0,573165578258533
5,70703125 -0,569172647731549
5,7109375 -0,565086129823275
5,71484375 -0,560909956776621
5,71875 -0,5566480608345
5,72265625 -0,552304374239821
5,7265625 -0,547882829235497
5,73046875 -0,543387358064439
5,734375 -0,538821892969558
5,73828125 -0,534190366193766
5,7421875 -0,529496709979974
5,74609375 -0,524744856571093
5,75 -0,519938738210036
5,75390625 -0,515082287139713
5,7578125 -0,510179435603035
5,76171875 -0,505234115842915
5,765625 -0,500250260102263
5,76953125 -0,49523180062399
5,7734375 -0,490182669651009
5,77734375 -0,485106799426231
5,78125 -0,480008122192566
5,78515625 -0,474890570192927
5,7890625 -0,469758075670225
5,79296875 -0,464614570867371
5,796875 -0,459463988027276
5,80078125 -0,454310259392852
5,8046875 -0,449157317207011
5,80859375 -0,444009093712663
5,8125 -0,43886952115272
5,81640625 -0,433742531770093
5,8203125 -0,428632057807695
5,82421875 -0,423542031508435
5,828125 -0,418476385115226
5,83203125 -0,41343905087098
5,8359375 -0,408433961018606
5,83984375 -0,403465047801017
5,84375 -0,398536243461125
5,84765625 -0,393651480241839
5,8515625 -0,388814690386073
5,85546875 -0,384029806136737
5,859375 -0,379300759736743
5,86328125 -0,374631483429001
5,8671875 -0,370025909456425
5,87109375 -0,365487970061923
5,875 -0,36102159748841
5,87890625 -0,356630723978794
5,8828125 -0,352319281775989
5,88671875 -0,348091203122905
5,890625 -0,343950420262454
5,89453125 -0,339900865437547
5,8984375 -0,335946470891095
5,90234375 -0,33209116886601
5,90625 -0,328338891605203
5,91015625 -0,324693571351587
5,9140625 -0,321159140348071
5,91796875 -0,317739530837567
5,921875 -0,314438675062988
5,92578125 -0,311260505267243
5,9296875 -0,308208953693246
5,93359375 -0,305287952583906
5,9375 -0,302501434182135
5,94140625 -0,299853330730845
5,9453125 -0,297347574472948
5,94921875 -0,294988097651353
5,953125 -0,292778832508974
5,95703125 -0,290723711288721
5,9609375 -0,288826666233505
5,96484375 -0,287091629586239
5,96875 -0,285522533589833
5,97265625 -0,284123310487199
5,9765625 -0,282897892521248
5,98046875 -0,281850211934891
5,984375 -0,280984200971041
5,98828125 -0,280303791872608
5,9921875 -0,279812916882503
5,99609375 -0,279515508243639
6 -0,279415498198926
6,00390625 -0,279340976079872
6,0078125 -0,279118859820631
6,01171875 -0,278751324568085
6,015625 -0,278240545469117
6,01953125 -0,277588697670607
6,0234375 -0,276797956319438
6,02734375 -0,275870496562492
6,03125 -0,27480849354665
6,03515625 -0,273614122418795
6,0390625 -0,272289558325808
6,04296875 -0,270836976414571
6,046875 -0,269258551831967
6,05078125 -0,267556459724876
6,0546875 -0,265732875240181
6,05859375 -0,263789973524764
6,0625 -0,261729929725507
6,06640625 -0,259554918989291
6,0703125 -0,257267116462998
6,07421875 -0,254868697293511
6,078125 -0,252361836627711
6,08203125 -0,24974870961248
6,0859375 -0,247031491394699
6,08984375 -0,244212357121252
6,09375 -0,241293481939019
6,09765625 -0,238277040994883
6,1015625 -0,235165209435726
6,10546875 -0,231960162408428
6,109375 -0,228664075059873
6,11328125 -0,225279122536942
6,1171875 -0,221807479986518
6,12109375 -0,21825132255548
6,125 -0,214612825390713
6,12890625 -0,210894163639098
6,1328125 -0,207097512447515
6,13671875 -0,203225046962849
6,140625 -0,199278942331979
6,14453125 -0,195261373701789
6,1484375 -0,19117451621916
6,15234375 -0,187020545030974
6,15625 -0,182801635284113
6,16015625 -0,178519962125458
6,1640625 -0,174177700701892
6,16796875 -0,169777026160296
6,171875 -0,165320113647553
6,17578125 -0,160809138310544
6,1796875 -0,156246275296152
6,18359375 -0,151633699751257
6,1875 -0,146973586822742
6,19140625 -0,142268111657489
6,1953125 -0,13751944940238
6,19921875 -0,132729775204296
6,203125 -0,127901264210119
6,20703125 -0,123036091566732
6,2109375 -0,118136432421017
6,21484375 -0,113204461919854
6,21875 -0,108242355210126
6,22265625 -0,103252287438715
6,2265625 -0,0982364337525031
6,23046875 -0,0931969692983716
6,234375 -0,0881360692232026
6,23828125 -0,083055908673878
6,2421875 -0,0779586627972797
6,24609375 -0,0728465067402896
6,25 -0,0677216156497895
6,25390625 -0,0625861646726613
6,2578125 -0,057442328955787
6,26171875 -0,0522922836460483
6,265625 -0,0471382038903273
6,26953125 -0,0419822648355057
6,2734375 -0,0368266416284655
6,27734375 -0,0316735094160885
6,28125 -0,0265250433452565
6,28515625 -0,0213834185628517
6,2890625 -0,0162508102157558
6,29296875 -0,0111293934508505
6,296875 -0,00602134341501795
6,30078125 -0,000928835255139954
6,3046875 0,00414595588190167
6,30859375 0,00920085484922492
6,3125 0,0142336864999481
6,31640625 0,019242275687189
6,3203125 0,0242244472640661
6,32421875 0,0291780260836973
6,328125 0,0341008369992008
6,33203125 0,0389907048636946
6,3359375 0,043845454530297
6,33984375 0,048662910852126
6,34375 0,0534408986822997
6,34765625 0,0581772428739363
6,3515625 0,0628697682801539
6,35546875 0,0675162997540705
6,359375 0,0721146621488044
6,36328125 0,0766626803174734
6,3671875 0,081158179113196
6,37109375 0,0855989833890902
6,375 0,0899829179982741
6,37890625 0,0943078077938656
6,3828125 0,0985714776289831
6,38671875 0,102771752356745
6,390625 0,106906456830268
6,39453125 0,110973415902672
6,3984375 0,114970454427074
